Processing Data From /home/2013/jdsilv2/206/m3/dataset1/2022/Jan/weather_info_24.data
====================================
Year,Month,Day,Hour,TempS1,TempS2,TempS3,TempS4,TempS5,WindS1,WindS2,WindS3,WinDir
2022,01,24,00,-0.70,-1.38,-2.15,-2.67,-2.73,1,0,4,NW
2022,01,24,01,-0.70,-1.38,-2.65,-4.17,-3.73,0,2,9,NW
2022,01,24,02,-1.70,-1.38,-2.65,-5.67,-3.73,0,3,7,NW
2022,01,24,03,-2.70,-2.88,-3.65,-5.67,-3.73,3,4,7,NW
2022,01,24,04,-3.70,-2.88,-3.65,-8.18,-5.72,8,6,7,NW
2022,01,24,05,-5.20,-2.88,-5.15,-8.18,-5.72,13,5,10,S
2022,01,24,06,-5.20,-2.38,-4.65,-7.18,-4.22,17,4,11,SE
2022,01,24,07,-3.70,-2.38,-4.65,-6.68,-3.72,14,6,6,SE
2022,01,24,08,-3.70,-2.38,-3.15,-5.18,-2.72,12,2,3,N
2022,01,24,09,-1.70,-1.38,-1.65,-3.68,-2.72,13,0,5,N
2022,01,24,10,-1.70,-0.38,-1.65,-3.18,-2.72,18,2,3,N
2022,01,24,11,-1.70,-0.38,-0.65,-3.18,-2.72,16,5,3,N
2022,01,24,12,-1.70,-0.38,0.35,-3.18,0.28,15,0,0,NW
2022,01,24,13,-0.70,2.12,0.85,-1.18,1.28,16,0,0,N
2022,01,24,14,0.80,2.62,1.85,-1.18,2.28,12,0,0,N
2022,01,24,15,1.30,3.62,3.35,-1.18,3.78,17,0,3,N
2022,01,24,16,2.30,4.62,3.35,-1.18,3.78,12,4,3,NW
2022,01,24,17,2.30,6.12,4.85,0.32,3.78,8,0,7,NW
2022,01,24,18,2.80,6.12,4.85,0.82,3.78,12,3,9,NW
2022,01,24,19,2.30,6.12,3.85,-0.18,3.28,7,0,10,W
2022,01,24,20,2.30,6.12,3.85,-1.68,3.28,2,4,8,W
2022,01,24,21,1.80,5.12,2.85,-1.68,3.28,4,4,5,SE
2022,01,24,22,0.80,5.12,1.35,-1.68,3.28,3,0,6,SE
2022,01,24,23,0.80,4.62,-0.15,-1.68,3.28,5,0,7,N
====================================
Observation Summary
Year,Month,Day,Hour,MaxTemp,MinTemp,MaxWS,MinWS
2022,01,24,00,-0.70,-2.73,4,0
2022,01,24,01,-0.70,-4.17,9,0
2022,01,24,02,-1.38,-5.67,7,0
2022,01,24,03,-2.70,-3.65,7,3
2022,01,24,04,-2.88,-8.18,8,6
2022,01,24,05,-2.88,-8.18,13,5
2022,01,24,06,-2.38,-7.18,17,4
2022,01,24,07,-2.38,-6.68,14,6
2022,01,24,08,-2.38,-5.18,12,2
2022,01,24,09,-1.38,-3.68,13,0
2022,01,24,10,-0.38,-3.18,18,2
2022,01,24,11,-0.38,-1.70,16,3
2022,01,24,12,0.35,0.28,15,0
2022,01,24,13,2.12,-1.18,16,0
2022,01,24,14,2.62,-1.18,12,0
2022,01,24,15,3.78,-1.18,17,0
2022,01,24,16,4.62,-1.18,12,3
2022,01,24,17,6.12,0.32,8,0
2022,01,24,18,6.12,0.82,12,3
2022,01,24,19,3.85,-0.18,10,0
2022,01,24,20,6.12,-1.68,8,2
2022,01,24,21,5.12,-1.68,5,4
2022,01,24,22,5.12,-1.68,6,0
2022,01,24,23,4.62,-0.15,7,0
====================================

Processing Data From /home/2013/jdsilv2/206/m3/dataset1/2022/Jan/weather_info_9.data
====================================
Year,Month,Day,Hour,TempS1,TempS2,TempS3,TempS4,TempS5,WindS1,WindS2,WindS3,WinDir
2022,01,09,00,2.92,1.83,1.75,0.75,3.17,17,29,15,E
2022,01,09,01,2.92,1.83,1.75,-0.75,3.17,19,29,16,E
2022,01,09,02,2.42,0.83,1.25,-2.25,3.17,23,32,14,N
2022,01,09,03,2.42,0.33,1.25,-3.25,0.67,28,27,12,N
2022,01,09,04,2.42,-0.17,-0.25,-3.25,-0.83,33,25,12,N
2022,01,09,05,1.42,-0.17,-0.25,-4.75,-1.83,37,29,12,N
2022,01,09,06,1.42,0.83,-0.25,-4.75,-1.83,41,25,13,N
2022,01,09,07,1.42,0.83,-0.25,-3.75,-1.83,37,25,13,NE
2022,01,09,08,1.92,1.33,0.25,-3.75,-1.33,33,27,17,N
2022,01,09,09,2.92,1.33,1.75,-2.25,-0.83,30,28,18,N
2022,01,09,10,3.92,3.83,3.25,-1.75,0.67,34,28,20,N
2022,01,09,11,4.42,5.33,3.75,-0.75,0.67,32,31,22,E
2022,01,09,12,4.42,5.83,4.75,0.75,2.17,37,27,23,E
2022,01,09,13,4.42,7.33,6.25,2.25,3.67,33,32,20,E
2022,01,09,14,5.42,7.33,7.25,2.25,4.67,30,36,19,E
2022,01,09,15,5.42,7.83,7.75,2.25,5.17,27,31,16,SW
2022,01,09,16,5.92,8.82,7.75,2.25,5.67,22,34,11,W
2022,01,09,17,6.92,10.32,9.25,4.25,6.17,23,34,12,W
2022,01,09,18,7.92,11.32,10.25,5.25,7.17,23,37,10,W
2022,01,09,19,7.42,10.82,9.75,3.75,7.17,21,38,12,W
2022,01,09,20,6.92,10.82,9.75,3.75,5.67,19,43,9,W
2022,01,09,21,6.42,9.82,8.25,3.25,4.17,17,46,5,W
2022,01,09,22,6.42,9.82,7.75,3.25,4.17,15,42,9,W
2022,01,09,23,6.42,9.82,6.75,3.25,3.67,18,37,11,W
====================================
Observation Summary
Year,Month,Day,Hour,MaxTemp,MinTemp,MaxWS,MinWS
2022,01,09,00,3.17,0.75,29,15
2022,01,09,01,3.17,-0.75,29,16
2022,01,09,02,2.42,-2.25,32,14
2022,01,09,03,2.42,-3.25,28,12
2022,01,09,04,2.42,-3.25,33,12
2022,01,09,05,1.42,-4.75,37,12
2022,01,09,06,1.42,-1.83,41,13
2022,01,09,07,1.42,-3.75,37,13
2022,01,09,08,1.92,-1.33,33,17
2022,01,09,09,2.92,-2.25,30,18
2022,01,09,10,3.92,-1.75,34,20
2022,01,09,11,5.33,-0.75,32,22
2022,01,09,12,5.83,0.75,37,23
2022,01,09,13,7.33,2.25,33,20
2022,01,09,14,7.33,2.25,36,19
2022,01,09,15,7.83,5.17,31,16
2022,01,09,16,8.82,5.67,34,11
2022,01,09,17,10.32,4.25,34,12
2022,01,09,18,11.32,5.25,37,10
2022,01,09,19,10.82,3.75,38,12
2022,01,09,20,10.82,3.75,43,9
2022,01,09,21,9.82,3.25,46,5
2022,01,09,22,9.82,3.25,42,9
2022,01,09,23,9.82,3.25,37,11
====================================

Processing Data From /home/2013/jdsilv2/206/m3/dataset1/oldstuff/2021/nov/weather_info_11.data
====================================
Year,Month,Day,Hour,TempS1,TempS2,TempS3,TempS4,TempS5,WindS1,WindS2,WindS3,WinDir
2021,11,11,00,0.62,-1.82,-0.40,-0.22,-0.80,7,11,2,SE
2021,11,11,01,0.12,-3.33,-0.40,-0.22,-2.30,12,9,4,SE
2021,11,11,02,-1.38,-3.83,-1.90,-2.23,-3.80,7,9,2,SE
2021,11,11,03,-1.88,-4.83,-3.40,-3.73,-5.30,9,6,0,SE
2021,11,11,04,-1.88,-5.83,-3.90,-4.72,-6.30,6,10,4,SE
2021,11,11,05,-3.88,-6.33,-4.40,-5.72,-6.80,10,9,8,W
2021,11,11,06,-2.88,-6.33,-4.40,-4.22,-6.80,9,13,8,W
2021,11,11,07,-1.38,-6.33,-2.90,-3.22,-6.80,4,16,3,W
2021,11,11,08,-1.38,-5.83,-1.40,-2.22,-6.80,0,15,0,W
2021,11,11,09,0.12,-5.83,0.10,-0.72,-5.80,0,10,1,SW
2021,11,11,10,0.12,-5.83,0.10,-0.72,-4.80,4,8,5,SW
2021,11,11,11,1.12,-5.83,1.60,-0.72,-4.30,1,5,10,S
2021,11,11,12,2.12,-4.83,2.60,-0.72,-3.80,0,8,8,S
2021,11,11,13,3.12,-3.33,4.10,-0.72,-3.80,1,8,9,S
2021,11,11,14,4.12,-2.33,4.60,0.78,-3.80,0,11,13,SE
2021,11,11,15,5.12,-1.33,4.60,0.78,-1.30,1,9,16,SE
2021,11,11,16,5.62,-0.33,7.10,0.78,-0.30,0,7,15,SE
2021,11,11,17,6.62,0.17,7.10,0.78,0.70,0,10,18,SE
2021,11,11,18,8.12,1.67,8.10,2.28,1.20,5,11,14,SE
2021,11,11,19,6.62,1.17,7.10,1.78,0.20,3,6,15,S
2021,11,11,20,6.62,-0.33,6.60,0.78,-0.30,3,2,14,E
2021,11,11,21,6.62,-1.83,6.10,0.78,-1.80,0,0,9,E
2021,11,11,22,5.62,-3.33,5.60,-1.22,-2.30,0,4,4,E
2021,11,11,23,5.62,-4.33,5.60,-1.72,-3.80,0,9,0,E
====================================
Observation Summary
Year,Month,Day,Hour,MaxTemp,MinTemp,MaxWS,MinWS
2021,11,11,00,0.62,-1.82,11,2
2021,11,11,01,0.12,-3.33,12,4
2021,11,11,02,-1.38,-3.83,9,2
2021,11,11,03,-1.88,-5.30,9,0
2021,11,11,04,-3.90,-6.30,10,4
2021,11,11,05,-3.88,-6.80,10,8
2021,11,11,06,-2.88,-4.22,13,8
2021,11,11,07,-1.38,-6.80,16,3
2021,11,11,08,-1.40,-6.80,15,0
2021,11,11,09,0.12,-5.83,10,0
2021,11,11,10,0.12,-5.83,8,4
2021,11,11,11,1.60,-5.83,10,1
2021,11,11,12,2.60,-4.83,8,0
2021,11,11,13,4.10,-3.80,9,1
2021,11,11,14,4.60,-2.33,13,0
2021,11,11,15,5.12,-1.33,16,1
2021,11,11,16,7.10,-0.33,15,0
2021,11,11,17,7.10,0.17,18,0
2021,11,11,18,8.12,1.20,14,5
2021,11,11,19,7.10,0.20,15,3
2021,11,11,20,6.62,-0.33,14,2
2021,11,11,21,6.62,-1.83,9,0
2021,11,11,22,5.62,-3.33,4,0
2021,11,11,23,5.62,-4.33,9,0
====================================

Processing Data From /home/2013/jdsilv2/206/m3/dataset1/oldstuff/2021/december/weather_info_24.data
====================================
Year,Month,Day,Hour,TempS1,TempS2,TempS3,TempS4,TempS5,WindS1,WindS2,WindS3,WinDir
2021,12,24,00,-0.38,-0.20,0.15,0.43,0.97,31,23,27,E
2021,12,24,01,-1.88,-0.70,-0.85,-0.07,0.97,33,23,26,NW
2021,12,24,02,-2.38,-1.70,-1.85,-1.57,-0.53,36,23,30,NW
2021,12,24,03,-3.38,-2.20,-2.85,-1.57,-1.02,36,20,33,NW
2021,12,24,04,-4.38,-3.20,-4.35,-1.57,-2.02,39,25,31,W
2021,12,24,05,-4.38,-4.70,-4.85,-1.57,-2.02,38,28,31,NW
2021,12,24,06,-4.38,-3.70,-4.85,-0.57,-2.02,41,29,34,NW
2021,12,24,07,-3.38,-3.70,-3.35,-0.57,-0.52,38,29,37,NW
2021,12,24,08,-2.38,-2.20,-2.35,-0.57,-0.02,43,30,38,W
2021,12,24,09,-1.38,-2.20,-1.35,-0.07,-0.02,42,30,37,W
2021,12,24,10,-0.38,-2.20,0.15,1.43,0.98,45,34,42,W
2021,12,24,11,0.62,-1.70,0.65,1.43,0.98,48,34,38,W
2021,12,24,12,2.12,-1.20,1.65,2.92,0.98,49,32,42,W
2021,12,24,13,2.12,-0.70,2.15,2.92,0.98,54,27,41,N
2021,12,24,14,2.62,-0.70,3.15,2.92,1.98,56,26,38,NE
2021,12,24,15,4.12,1.80,3.15,2.92,2.48,54,28,42,NE
2021,12,24,16,4.12,3.30,3.65,3.92,2.98,56,24,40,NE
2021,12,24,17,4.62,3.30,5.15,3.92,4.47,55,23,39,NE
2021,12,24,18,4.62,4.80,5.65,4.42,5.97,54,22,34,NW
2021,12,24,19,5.62,3.30,4.15,3.92,5.47,49,19,29,W
2021,12,24,20,4.62,3.30,2.65,3.92,4.97,52,24,32,W
2021,12,24,21,4.12,3.30,2.65,3.92,4.97,50,26,37,NW
2021,12,24,22,2.62,2.30,2.15,1.92,3.97,51,26,36,NW
2021,12,24,23,2.62,2.30,2.15,0.42,3.97,47,25,31,S
====================================
Observation Summary
Year,Month,Day,Hour,MaxTemp,MinTemp,MaxWS,MinWS
2021,12,24,00,0.97,-0.38,31,23
2021,12,24,01,0.97,-1.88,33,23
2021,12,24,02,-0.53,-2.38,36,23
2021,12,24,03,-1.02,-3.38,36,20
2021,12,24,04,-2.02,-4.38,39,25
2021,12,24,05,-1.57,-4.85,38,28
2021,12,24,06,-0.57,-4.85,41,29
2021,12,24,07,-0.52,-3.38,38,29
2021,12,24,08,-0.02,-2.38,43,30
2021,12,24,09,-0.07,-2.20,42,30
2021,12,24,10,1.43,-0.38,45,34
2021,12,24,11,1.43,-1.70,48,34
2021,12,24,12,2.92,-1.20,49,32
2021,12,24,13,2.92,-0.70,54,27
2021,12,24,14,3.15,1.98,56,26
2021,12,24,15,4.12,1.80,54,28
2021,12,24,16,4.12,2.98,56,24
2021,12,24,17,5.15,3.30,55,23
2021,12,24,18,5.97,4.42,54,22
2021,12,24,19,5.62,3.30,49,19
2021,12,24,20,4.97,2.65,52,24
2021,12,24,21,4.97,2.65,50,26
2021,12,24,22,3.97,1.92,51,26
2021,12,24,23,3.97,0.42,47,25
====================================

